Epoch_Time,Number_of_Passengers
Starting Time: 1618239111.72
1618239133.0,-10
1618239164.22,12
1618239204.0,-99
1618239216.0,-10
1618239242.62,17
1618239266.0,-99
1618239279.0,-10
1618239317.94,15
1618239332.0,-99
1618239343.0,-10
1618239354.22,13
1618239410.0,-99
1618239423.0,-10
1618239428.93,11
1618239483.0,-99
1618239512.0,-10
1618239516.15,11
1618239633.0,-99
1618239645.0,-10
1618239663.85,9
1618239697.0,-99
1618239708.0,-10
1618239712.25,12
1618239735.0,-99
1618239746.0,-10
1618239753.97,12
1618239869.0,-99
1618239877.0,-10
1618239885.54,13
1618239931.0,-99
1618239969.0,-10
1618239994.79,12
1618240062.0,-99
1618240076.0,-10
1618240082.66,12
1618240156.0,-99
1618240168.0,-10
1618240173.06,13
1618240217.0,-99
1618240225.0,-10
1618240253.35,12
1618240279.0,-99
1618240297.0,-10
1618240340.93,17
1618240410.0,-99
1618240425.0,-10
1618240433.84,16
1618240510.0,-99
1618240528.0,-10
1618240609.96,10
1618240681.0,-99
1618240692.0,-10
1618240695.11,11
1618240859.0,-99
1618240870.0,-10
1618240880.6,11
1618240977.0,-99
1618240986.0,-10
1618240988.18,12
1618241032.0,-99
1618241042.0,-10
1618241058.64,10
1618241082.0,-99
1618241088.0,-10
1618241126.89,11
1618241145.0,-99
1618241158.0,-10
1618241160.36,13
1618241239.0,-99
1618241252.0,-10
1618241254.79,14
1618241402.0,-99
1618241410.0,-10
1618241421.43,14
1618241457.0,-99
1618241473.0,-10
1618241476.16,18
1618241521.0,-99
1618241538.0,-10
1618241542.52,20
1618241566.0,-99
1618241578.0,-10
1618241580.13,23
1618241643.0,-99
1618241657.0,-10
1618241659.53,23
1618241728.0,-99
1618241753.0,-10
1618241776.59,19
1618241859.0,-99
1618241867.0,-10
1618241902.22,14
1618241920.0,-99
1618241929.0,-10
1618241947.33,14
1618241995.0,-99
1618242009.0,-10
1618242013.58,13
1618242202.0,-99
1618242212.0,-10
1618242214.01,12
1618242268.01,-99
