Epoch_Time,Number_of_Passengers
Starting Time: 1618249452.21
1618249460.0,-10
1618249534.35,10
1618249636.0,-99
1618249650.0,-10
1618249656.64,13
1618249708.0,-99
1618249720.0,-10
1618249723.11,15
1618249843.0,-99
1618249860.0,-10
1618249866.75,17
1618249929.0,-99
1618249948.0,-10
1618249976.13,22
1618250001.0,-99
1618250018.0,-10
1618250066.1,23
1618250079.0,-99
1618250093.0,-10
1618250097.45,25
1618250135.0,-99
1618250154.0,-10
1618250165.77,25
1618250223.0,-99
1618250240.0,-10
1618250257.33,21
1618250286.0,-99
1618250300.0,-10
1618250314.94,20
1618250340.0,-99
1618250353.0,-10
1618250390.12,15
1618250472.0,-99
