Epoch_Time,Number_of_Passengers
Starting Time: 1618481964.99
1618481974.24,-10
1618481997.6,13
1618482000.62,-99
1618482019.73,-10
1618482038.0,25
1618482084.85,-99
1618482101.98,-10
1618482123.71,26
1618482140.64,-99
1618482153.16,-10
1618482175.22,25
1618482195.44,-99
1618482229.58,-10
1618482241.06,22
1618482299.26,-99
1618482316.97,-10
1618482320.58,25
1618482354.73,-99
1618482380.14,-10
1618482398.37,18
1618482463.35,-99
1618482485.68,-10
1618482500.05,17
1618482538.78,-99
1618482563.07,-10
1618482578.2,15
1618482588.94,-99
1618482601.41,-10
1618482617.04,16
1618482731.46,-99
1618482747.97,-10
1618482764.68,14
1618482830.84,-99
1618482857.08,-10
1618482859.18,11
1618482918.45,-99
1618482937.04,-10
1618482946.15,11
1618483005.07,-99
1618483012.65,-10
1618483016.48,13
1618483054.86,-99
1618483067.16,-10
1618483082.03,15
1618483110.18,-99
1618483124.68,-10
1618483128.37,22
1618483181.12,-99
1618483194.08,-10
1618483229.95,22
1618483249.33,-99
1618483263.53,-10
1618483278.52,14
1618483362.55,-99
1618483379.79,-10
1618483408.81,15
1618483513.25,-99
1618483521.38,-10
1618483526.25,14
1618483648.57,-99
1618483660.7,-10
1618483677.53,16
1618483747.33,-99
1618483760.19,-10
1618483765.35,16
1618483796.3,-99
1618483808.82,-10
1618483811.44,16
1618483863.38,-99
1618483874.79,-10
1618483879.56,15
1618483952.98,-99
1618483970.27,-10
1618483975.83,18
1618484162.65,-99
1618484172.22,-10
1618484176.04,16
1618484206.09,-99
1618484218.86,-10
1618484247.36,18
1618484262.93,-99
1618484282.43,-10
1618484299.65,19
1618484340.56,-99
1618484355.81,-10
1618484382.5,19
1618484392.8,-99
1618484412.85,-10
1618484430.44,19
1618484493.85,-99
1618484505.29,-10
1618484521.44,19
1618484567.58,-99
1618484611.6,-10
1618484639.72,23
1618484732.71,-99
1618484748.81,-10
1618484770.76,27
1618484827.08,-99
1618484839.9,-10
1618484843.18,25
1618484897.84,-99
1618484909.73,-10
1618484933.65,21
1618485000.68,-99
1618485012.86,-10
1618485030.44,17
1618485071.98,-99
