Epoch_Time,Number_of_Passengers
Starting Time: 1618223200.23
1618223201.0,-10
1618223271.32,15
1618223384.0,-99
1618223395.0,-10
1618223432.37,14
1618223452.0,-99
1618223463.0,-10
1618223487.81,12
1618223497.0,-99
1618223508.0,-10
1618223533.85,13
1618223560.0,-99
1618223580.0,-10
1618223585.65,14
1618223647.0,-99
1618223663.0,-10
1618223674.6,10
1618223727.0,-99
1618223736.0,-10
1618223753.66,10
1618223798.0,-99
1618223805.0,-10
1618223811.31,10
1618223852.0,-99
1618223860.0,-10
1618223861.84,10
1618223924.0,-99
1618223934.0,-10
1618223937.65,11
1618223971.0,-99
1618223988.0,-10
1618224013.43,11
1618224039.0,-99
1618224050.0,-10
1618224054.68,10
1618224431.0,-99
1618224448.0,-10
1618224488.5,8
1618224543.0,-99
1618224550.0,-10
1618224551.58,8
1618224633.0,-99
1618224641.0,-10
1618224646.01,8
1618224725.0,-99
1618224741.0,-10
1618224746.6,5
1618224883.0,-99
1618224896.0,-10
1618224901.17,8
1618224971.0,-99
1618224980.0,-10
1618224982.11,9
1618225045.0,-99
1618225072.0,-10
1618225075.26,9
1618225155.0,-99
1618225179.0,-10
1618225224.66,11
1618225272.0,-99
1618225283.0,-10
1618225291.53,11
1618225320.0,-99
1618225335.0,-10
1618225341.51,10
1618225406.0,-99
1618225429.0,-10
1618225463.96,9
1618225490.0,-99
1618225504.0,-10
1618225528.7,14
1618225541.0,-99
1618225551.0,-10
1618225553.94,14
1618225646.0,-99
1618225658.0,-10
1618225675.66,14
1618225701.0,-99
1618225710.0,-10
1618225712.58,14
1618225760.0,-99
1618225778.0,-10
1618225782.37,12
1618225856.0,-99
1618225871.0,-10
1618225873.28,13
1618225919.0,-99
1618225928.0,-10
1618225929.85,14
1618226030.0,-99
1618226041.0,-10
1618226059.13,12
1618226102.0,-99
1618226110.0,-10
1618226115.52,15
1618226158.0,-99
1618226169.0,-10
1618226173.32,14
1618226212.0,-99