Epoch_Time,Number_of_Passengers
Starting Time: 1618219347.84
1618219347.84,-10
1618219353.9,12
1618219367.0,-99
1618219383.0,-10
1618219394.57,14
1618219443.0,-99
1618219456.0,-10
1618219475.15,18
1618219526.0,-99
1618219539.0,-10
1618219552.69,17
1618219587.0,-99
1618219599.0,-10
1618219611.42,10
1618219659.0,-99
1618219675.0,-10
1618219686.1,11
1618219727.0,-99
1618219756.0,-10
1618219773.89,7
1618219800.0,-99
1618219813.0,-10
1618219815.96,8
1618219938.0,-99
1618219959.0,-10
1618219966.27,10
1618220033.0,-99
1618220056.0,-10
1618220103.32,15
1618220134.0,-99
1618220146.0,-10
1618220169.29,13
1618220193.0,-99
1618220206.0,-10
1618220223.11,12
1618220296.0,-99
1618220311.0,-10
1618220344.53,12
1618220388.0,-99
1618220402.0,-10
1618220410.96,16
1618220464.0,-99
1618220478.0,-10
1618220487.27,18
1618220533.0,-99
1618220551.0,-10
1618220619.32,10
1618220675.0,-99
1618220687.0,-10
1618220692.12,13
1618220797.0,-99
1618220808.0,-10
1618220812.55,12
1618220955.0,-99
1618220971.0,-10
1618220989.18,12
1618221034.0,-99
1618221091.0,-10
1618221133.59,14
1618221172.0,-99
1618221185.0,-10
1618221193.87,18
1618221252.0,-99
1618221267.0,-10
1618221276.21,16
1618221366.0,-99
1618221381.0,-10
1618221389.53,13
1618221625.0,-99
1618221634.0,-10
1618221639.7,9
1618221722.0,-99
1618221734.0,-10
1618221770.17,17
1618221815.0,-99
1618221830.0,-10
1618221854.11,14
1618221988.0,-99
1618221999.0,-10
1618222000.9,15
1618222143.0,-99
1618222170.0,-10
1618222178.69,16
1618222236.0,-99
1618222243.0,-10
1618222272.71,14
1618222287.0,-99
1618222301.0,-10
1618222339.32,15
1618222360.0,-99
1618222371.0,-10
1618222386.94,13
1618222546.0,-99
1618222559.0,-10
1618222585.93,13
1618222649.0,-99
