Epoch_Time,Number_of_Passengers
Starting Time: 1618243201.5
1618243202.0,-10
1618243321.67,17
1618243332.0,-99
1618243344.0,-10
1618243376.09,16
1618243427.0,-99
1618243437.0,-10
1618243446.7,14
1618243472.0,-99
1618243482.0,-10
1618243501.38,10
1618243528.0,-99
1618243539.0,-10
1618243544.07,10
1618243614.0,-99
1618243628.0,-10
1618243630.83,8
1618243702.0,-99
1618243716.0,-10
1618243725.92,8
1618243779.0,-99
1618243788.0,-10
1618243794.39,6
1618243820.0,-99
1618243831.0,-10
1618243839.61,6
1618243887.0,-99
1618243896.0,-10
1618243898.5,6
1618243929.0,-99
1618243940.0,-10
1618243947.41,4
1618244351.0,-99
1618244368.0,-10
1618244373.05,6
1618244463.0,-99
1618244473.0,-10
1618244482.19,6
1618244541.0,-99
1618244550.0,-10
1618244552.65,6
1618244631.0,-99
1618244645.0,-10
1618244647.18,8
1618244790.0,-99
1618244867.0,-10
1618244879.25,7
1618244939.0,-99
1618244982.0,-10
1618244985.02,12
1618245030.0,-99
1618245056.0,-10
1618245059.83,12
1618245152.0,-99
1618245163.0,-10
1618245173.34,10
1618245211.0,-99
1618245223.0,-10
1618245240.21,4
1618245257.0,-99
1618245289.0,-10
1618245323.47,5
1618245342.0,-99
1618245371.0,-10
1618245392.61,5
1618245435.0,-99
1618245521.0,-10
1618245543.07,5
1618245569.0,-99
1618245580.0,-10
1618245582.65,4
1618245675.0,-99
1618245686.0,-10
1618245689.12,4
1618245750.0,-99
1618245762.0,-10
1618245769.36,4
1618245803.0,-99
1618245810.0,-10
1618245813.39,4
1618245918.0,-99
1618245933.0,-10
1618245938.83,8
1618245978.0,-99
1618245989.0,-10
1618245994.63,9
1618246058.0,-99
1618246071.0,-10
1618246072.72,10
1618246123.0,-99
1618246133.0,-10
1618246137.34,10
1618246178.0,-99
1618246191.0,-10
1618246205.78,8
1618246306.0,-99
