Epoch_Time,Number_of_Passengers
Starting Time: 1618486125.88
1618486129.56,-10
1618486203.54,10
1618486260.37,-99
1618486270.8,-10
1618486280.67,13
1618486320.85,-99
1618486327.92,-10
1618486331.49,12
1618486363.19,-99
1618486378.19,-10
1618486401.86,14
1618486429.01,-99
1618486444.31,-10
1618486461.24,16
1618486537.92,-99
1618486553.18,-10
1618486566.92,12
1618486761.52,-99
1618486775.96,-10
1618486814.46,11
1618486831.05,-99
1618486839.8,-10
1618486843.19,12
1618486911.35,-99
1618486920.37,-10
1618486957.17,10
1618487022.72,-99
1618487031.75,-10
1618487062.89,9
1618487081.83,-99
1618487093.65,-10
1618487095.99,8
1618487303.15,-99
1618487313.9,-10
1618487322.17,7
1618487425.35,-99
1618487434.52,-10
1618487457.22,6
1618487631.45,-99
1618487645.97,-10
1618487661.82,7
1618487820.19,-99
1618487831.48,-10
1618487901.12,7
1618487930.16,-99
1618487951.81,-10
1618487968.34,14
1618488006.05,-99
1618488019.05,-10
1618488028.35,16
1618488129.41,-99
1618488141.35,-10
1618488166.84,12
1618488191.87,-99
1618488200.14,-10
1618488224.19,10
1618488237.38,-99
1618488244.21,-10
1618488291.16,10
1618488302.91,-99
1618488321.96,-10
1618488343.87,12
1618488405.69,-99
1618488426.24,-10
1618488453.42,20
1618488469.42,-99
1618488479.61,-10
1618488482.92,21
1618488581.92,-99
1618488600.64,-10
1618488612.57,19
1618488646.66,-99
1618488659.13,-10
1618488661.78,22
1618488707.02,-99
1618488724.82,-10
1618488728.17,23
1618488856.17,-99
1618488878.16,-10
1618488898.53,27
1618488927.78,-99
1618488943.3,-10
1618488961.57,24
1618488998.11,-99
1618489010.8,-10
1618489030.85,18
1618489066.39,-99
1618489075.52,-10
1618489093.8,17
1618489125.41,-99
1618489140.56,-10
1618489155.26,13
1618489313.98,-99
