Epoch_Time,Number_of_Passengers
Starting Time: 1618507388.11
1618507390.95,-10
1618507400.63,11
1618507488.06,-99
1618507498.61,-10
1618507524.01,13
1618507553.87,-99
1618507603.1,-10
1618507607.54,13
1618507735.53,-99
1618507745.74,-10
1618507764.79,11
1618507813.79,-99
1618507870.01,-10
1618507889.76,10
1618507911.53,-99
1618507934.97,-10
1618507947.01,12
1618507978.21,-99
1618507995.22,-10
1618508013.13,10
1618508037.0,-99
1618508048.0,-10
1618508054.67,8
1618508103.95,-99
1618508122.35,-10
1618508126.88,8
1618508164.97,-99
1618508178.63,-10
1618508197.12,9
1618508226.69,-99
1618508241.29,-10
1618508245.69,10
1618508414.44,-99
1618508476.94,-10
1618508480.93,4
1618508517.93,-99
1618508527.21,-10
1618508530.41,4
1618508561.98,-99
1618508572.04,-10
1618508574.78,5
1618508670.21,-99
1618508682.4,-10
1618508688.32,4
1618508732.8,-99
1618508802.2,-10
1618508807.8,4
1618508927.48,-99
1618508936.92,-10
1618508941.4,3
1618508992.6,-99
1618509004.32,-10
1618509009.26,3
1618509044.4,-99
1618509047.5,-10
1618509050.2,3
1618509088.95,-99
1618509094.45,-10
1618509096.71,2
1618509164.5,-99
1618509202.7,-10
1618509206.2,4
1618509269.1,-99
1618509273.13,-10
1618509305.54,4
1618509367.24,-99
1618509378.02,-10
1618509380.11,3
1618509415.24,-99
1618509425.8,-10
1618509428.13,2
1618509481.46,-99
1618509508.03,-10
1618509510.9,3
1618509555.18,-99
1618509563.32,-10
1618509566.79,2
1618509623.53,-99
1618509633.67,-10
1618509638.03,4
1618509696.12,-99
1618509808.57,-10
1618509816.93,8
1618509922.52,-99
1618509932.3,-10
1618509935.84,3
1618509974.04,-99
1618509981.46,-10
1618509985.48,2
1618510046.85,-99
1618510055.87,-10
1618510060.47,2
1618510117.26,-99
1618510141.96,-10
1618510147.31,2
1618510187.64,-99
1618510193.98,-10
1618510197.31,2
1618510275.44,-99
1618510281.89,-10
1618510287.56,2
1618510356.1,-99
1618510363.13,-10
1618510369.39,2
1618510406.95,-99
