Epoch_Time,Number_of_Passengers
Starting Time: 1618247330.79
1618247344.0,-10
1618247354.35,12
1618247454.0,-99
1618247470.0,-10
1618247508.91,8
1618247513.0,-99
1618247524.0,-10
1618247529.65,6
1618247576.0,-99
1618247598.0,-10
1618247621.91,7
1618247726.0,-99
1618247735.0,-10
1618247736.94,7
1618247853.0,-99
1618247865.0,-10
1618247869.9,7
1618247918.0,-99
1618247946.0,-10
1618247954.22,5
1618248028.0,-99
1618248043.0,-10
1618248049.98,4
1618248136.0,-99
1618248146.0,-10
1618248148.16,4
1618248229.0,-99
