Epoch_Time,Number_of_Passengers
Starting Time: 1618511839.35
1618511900.81,-10
1618511919.67,11
1618512021.4,-99
1618512035.6,-10
1618512084.06,12
1618512102.47,-99
1618512119.46,-10
1618512164.3,10
1618512189.01,-99
1618512200.06,-10
1618512202.71,9
1618512266.85,-99
1618512287.2,-10
1618512291.14,8
1618512349.27,-99
1618512366.81,-10
1618512389.76,15
1618512406.97,-99
1618512422.25,-10
1618512435.93,15
1618512503.97,-99
1618512514.25,-10
1618512517.31,16
1618512575.39,-99
1618512586.94,-10
1618512589.87,17
1618512682.44,-99
1618512698.72,-10
1618512707.59,14
1618512746.31,-99
1618512759.13,-10
1618512762.16,12
1618512791.64,-99
1618512803.17,-10
1618512806.51,11
1618512859.31,-99
1618512944.19,-10
1618512949.52,12
1618512966.76,-99
1618513034.96,-10
1618513039.2,10
1618513119.71,-99
1618513133.41,-10
1618513137.22,10
1618513181.0,-99
1618513190.2,-10
1618513207.58,8
1618513258.42,-99
1618513268.17,-10
1618513277.34,7
1618513299.05,-99
