Epoch_Time,Number_of_Passengers
Starting Time: 1618498897.46
1618498928.27,-10
1618498948.54,27
1618498979.66,-99
1618498994.72,-10
1618498998.89,30
1618499031.6,-99
1618499046.97,-10
1618499067.52,29
1618499150.36,-99
1618499157.24,-10
1618499177.56,25
1618499207.11,-99
1618499224.45,-10
1618499244.66,22
1618499358.54,-99
1618499373.38,-10
1618499376.8,22
1618499441.68,-99
1618499452.58,-10
1618499455.16,21
1618499500.29,-99
1618499526.74,-10
1618499533.02,21
1618499573.51,-99
1618499588.05,-10
1618499591.67,20
1618499654.34,-99
1618499738.44,-10
1618499744.66,29
1618499849.53,-99
1618499858.5,-10
1618499893.95,27
1618499911.76,-99
1618499921.1,-10
1618499926.35,27
1618499966.61,-99
1618499985.67,-10
1618499993.5,34
1618500048.14,-99
1618500067.08,-10
1618500072.08,35
1618500118.44,-99
1618500136.94,-10
1618500153.64,32
1618500202.52,-99
1618500233.37,-10
1618500259.9,27
1618500307.96,-99
1618500380.94,-10
1618500412.61,33
1618500502.76,-99
1618500518.6,-10
1618500530.23,29
1618500597.79,-99
1618500681.86,-10
1618500686.11,26
1618500753.63,-99
1618500763.27,-10
1618500792.62,24
1618500833.95,-99
1618500852.86,-10
1618500879.09,15
1618500904.0,-99
1618500918.08,-10
1618500946.89,13
1618500994.83,-99
1618501003.13,-10
1618501032.31,13
1618501079.59,-99
1618501089.93,-10
1618501103.07,8
1618501142.36,-99
