Epoch_Time,Number_of_Passengers
Starting Time: 1618501819.31
1618501821.94,-10
1618501829.04,3
1618501919.07,-99
1618501928.07,-10
1618501930.35,4
1618501974.28,-99
1618501981.03,-10
1618501987.13,4
1618502056.4,-99
1618502065.99,-10
1618502069.09,5
1618502099.46,-99
1618502113.78,-10
1618502124.95,10
1618502182.09,-99
1618502186.98,-10
1618502198.01,11
1618502256.88,-99
1618502265.0,-10
1618502269.6,11
1618502368.63,-99
1618502379.06,-10
1618502383.79,14
1618502491.21,-99
1618502514.31,-10
1618502625.98,9
1618502635.9,-99
1618502659.23,-10
1618502663.65,12
1618502741.51,-99
1618502752.58,-10
1618502755.49,13
1618502818.18,-99
1618502827.15,-10
1618502831.56,12
1618502917.65,-99
1618502925.72,-10
1618502953.93,10
1618502970.97,-99
1618502980.14,-10
1618502984.78,9
1618503019.84,-99
1618503025.03,-10
1618503028.65,9
1618503116.15,-99
1618503135.12,-10
1618503187.65,8
1618503198.77,-99
1618503208.68,-10
1618503211.85,10
1618503265.01,-99
1618503274.14,-10
1618503276.84,11
1618503305.29,-99
1618503313.49,-10
1618503317.14,12
1618503386.05,-99
1618503467.15,-10
1618503471.5,13
1618503516.28,-99
1618503535.75,-10
1618503538.96,21
1618503642.34,-99
1618503660.02,-10
1618503665.05,25
1618503750.67,-99
1618503786.57,-10
1618503827.78,23
1618503894.05,-99
1618503902.98,-10
1618503937.31,22
1618503967.07,-99
1618503999.3,-10
1618504031.86,32
1618504073.24,-99
1618504091.06,-10
1618504095.41,29
1618504137.96,-99
1618504148.88,-10
1618504156.1,25
1618504211.13,-99
1618504268.49,-10
1618504271.93,29
1618504347.21,-99
1618504360.98,-10
1618504380.33,22
1618504409.55,-99
1618504421.69,-10
1618504441.61,20
1618504519.34,-99
1618504534.79,-10
1618504559.36,19
1618504584.87,-99
1618504600.84,-10
1618504622.05,14
1618504665.01,-99
1618504676.51,-10
1618504691.36,8
1618504784.17,-99
1618504794.04,-10
1618504799.48,8
1618504859.66,-99
1618504867.29,-10
1618504873.4,8
1618504924.42,-99
